1.999227580000000160e+01 1.746060934000000131e+01
1.998824289999999948e+01 1.743333997999999951e+01
1.998465320000000034e+01 1.739698083000000040e+01
1.998013290000000097e+01 1.736062168000000128e+01
1.997523599999999888e+01 1.734244209999999953e+01
1.996878820000000232e+01 1.729699315999999953e+01
1.996276140000000154e+01 1.727881358999999861e+01
1.995569339999999769e+01 1.721518508000000125e+01
1.994796060000000182e+01 1.717882592999999858e+01
1.993785739999999862e+01 1.711519741000000039e+01
1.992777629999999789e+01 1.706974847000000040e+01
1.991614429999999913e+01 1.702429954000000123e+01
1.990511049999999926e+01 1.697885060000000124e+01
1.989288039999999924e+01 1.691522207999999949e+01
1.987965330000000108e+01 1.687886293000000038e+01
1.986458740000000134e+01 1.681523441999999946e+01
1.984929990000000188e+01 1.674251612000000122e+01
1.983363579999999970e+01 1.668797740000000118e+01
1.981770579999999882e+01 1.664252846000000119e+01
1.980000339999999781e+01 1.656072036999999852e+01
1.978230109999999797e+01 1.648800207000000029e+01
1.976349099999999837e+01 1.642437355999999937e+01
1.974406059999999741e+01 1.636074504000000118e+01
1.972400980000000104e+01 1.628802673999999939e+01
1.970340519999999884e+01 1.623348801999999935e+01
1.968049650000000028e+01 1.615167993000000024e+01
1.965796440000000089e+01 1.606987184000000113e+01
1.963390360000000001e+01 1.601533311000000026e+01
1.960979860000000130e+01 1.593352503000000020e+01
1.958369960000000276e+01 1.586080671999999936e+01
1.955861969999999772e+01 1.579717821000000022e+01
1.953063750000000098e+01 1.570628033999999928e+01
1.950456070000000253e+01 1.561538245999999930e+01
1.947531569999999945e+01 1.554266415999999928e+01
1.944720059999999862e+01 1.545176627999999930e+01
1.941638260000000216e+01 1.536086841000000014e+01
1.938809029999999822e+01 1.526997053000000015e+01
1.935397130000000132e+01 1.519725223000000014e+01
1.931923189999999835e+01 1.508817477999999923e+01
1.928943310000000011e+01 1.499727689999999924e+01
1.925442789999999960e+01 1.491546881999999918e+01
1.922166029999999992e+01 1.482457093999999920e+01
1.918532580000000110e+01 1.471549349000000007e+01
1.914996610000000032e+01 1.463368539999999918e+01
1.911292270000000215e+01 1.453369773999999914e+01
1.907601220000000097e+01 1.443371007000000006e+01
1.903728500000000068e+01 1.432463261999999915e+01
1.900024150000000134e+01 1.423373474999999999e+01
1.896018499999999918e+01 1.412465729000000003e+01
1.892119190000000017e+01 1.402466963000000000e+01
1.887907510000000144e+01 1.391559218000000087e+01
1.883899639999999920e+01 1.380651472999999996e+01
1.879495209999999972e+01 1.370652706999999992e+01
1.875321179999999899e+01 1.359744960999999996e+01
1.870772739999999956e+01 1.347019258999999991e+01
1.866430340000000143e+01 1.337929470999999992e+01
1.861824299999999965e+01 1.327930704999999989e+01
1.857320169999999848e+01 1.316113980999999988e+01
1.852494790000000080e+01 1.304297256999999988e+01
1.847919759999999911e+01 1.293389512000000074e+01
1.842928230000000056e+01 1.281572788000000074e+01
1.838235779999999764e+01 1.268847086000000068e+01
1.833089159999999751e+01 1.258848318999999982e+01
1.828283729999999707e+01 1.246122616999999977e+01
1.822959870000000038e+01 1.234305892999999976e+01
1.817997139999999945e+01 1.222489168999999976e+01
1.812529269999999926e+01 1.210672444999999975e+01
1.807435830000000010e+01 1.197946742000000064e+01
1.801848329999999976e+01 1.187038996999999974e+01
1.796590939999999748e+01 1.172495336999999971e+01
1.790801830000000194e+01 1.161587592000000058e+01
1.785413720000000026e+01 1.147952910999999965e+01
1.779485040000000140e+01 1.137954144000000056e+01
1.774026040000000037e+01 1.124319462999999963e+01
1.767988799999999827e+01 1.111593760000000053e+01
1.762228499999999798e+01 1.098868058000000048e+01
1.756095990000000029e+01 1.085233376000000050e+01
1.750240420000000086e+01 1.072507674000000044e+01
1.743906309999999849e+01 1.059781970999999956e+01
1.737904510000000258e+01 1.047056268000000046e+01
1.731557109999999966e+01 1.034330566000000040e+01
1.725437900000000013e+01 1.021604862999999952e+01
1.718875590000000031e+01 1.007970182000000037e+01
1.712654459999999901e+01 9.934265216000000009e+00
1.705959230000000204e+01 9.797918402000000526e+00
1.699518769999999890e+01 9.670661375999999976e+00
1.692672890000000052e+01 9.534314562000000493e+00
1.686139379999999832e+01 9.407057535999999942e+00
1.679251400000000061e+01 9.279800509999999392e+00
1.672613759999999772e+01 9.143453695999999908e+00
1.665619440000000040e+01 8.988927307000000866e+00
1.658738100000000060e+01 8.852580492999999606e+00
1.651586479999999924e+01 8.725323467000000832e+00
1.644541200000000103e+01 8.607156227999999132e+00
1.637351909999999933e+01 8.461719626000000716e+00
1.630124960000000200e+01 8.316283025000000606e+00
1.622798320000000061e+01 8.179936210999999346e+00
1.615518199999999993e+01 8.025409822000000304e+00
1.608012099999999833e+01 7.916332371000000201e+00
1.600541439999999938e+01 7.770895770000000091e+00
1.592878050000000023e+01 7.634548955999999720e+00
1.585325420000000030e+01 7.498202142000000237e+00
1.577582270000000086e+01 7.334585964999999597e+00
1.569905580000000000e+01 7.216418726999999755e+00
1.562138050000000078e+01 7.080071913000000272e+00
1.554246460000000063e+01 6.943725098999999901e+00
1.546425759999999983e+01 6.798288497999999791e+00
1.538301539999999967e+01 6.671031471000000046e+00
1.530274809999999874e+01 6.525594869999999936e+00
1.522101849999999956e+01 6.380158267999999744e+00
1.514139360000000067e+01 6.243811455000000343e+00
1.505789170000000077e+01 6.098374853000000151e+00
1.497689319999999924e+01 5.962028038999999779e+00
1.489157459999999844e+01 5.834771013000000117e+00
1.480918039999999891e+01 5.689334412000000007e+00
1.472337429999999969e+01 5.543897809999999815e+00
1.463942930000000153e+01 5.407550996000000332e+00
1.455189510000000119e+01 5.262114395000000222e+00
1.446715249999999919e+01 5.116677793000000030e+00
1.437873219999999996e+01 4.989420767000000367e+00
1.429241659999999925e+01 4.853073952999999996e+00
1.420328729999999950e+01 4.698547564000000065e+00
1.411610769999999881e+01 4.589470112999999962e+00
1.402604790000000001e+01 4.434943724000000032e+00
1.393727319999999992e+01 4.298596909999999660e+00
1.384579549999999948e+01 4.171339883999999998e+00
1.375620100000000079e+01 4.025903282999999888e+00
1.366379279999999952e+01 3.862287106000000136e+00
1.357167270000000059e+01 3.735030080000000030e+00
1.347882139999999929e+01 3.607773053999999924e+00
1.338696709999999968e+01 3.480516027000000179e+00
1.329249860000000005e+01 3.344169212999999807e+00
1.320006830000000164e+01 3.198732612000000142e+00
1.310520089999999982e+01 3.053296011000000032e+00
1.301199520000000120e+01 2.916949197000000105e+00
1.291670689999999944e+01 2.771512594999999912e+00
1.282161800000000085e+01 2.653345357000000071e+00
1.272621900000000039e+01 2.526088329999999882e+00
1.263203840000000078e+01 2.398831304000000220e+00
1.253413590000000077e+01 2.262484489999999848e+00
1.243709739999999897e+01 2.117047889000000183e+00
1.233771050000000002e+01 1.971611286999999990e+00
1.224078270000000046e+01 1.835264473999999923e+00
1.213933540000000022e+01 1.698917659999999996e+00
1.204105629999999927e+01 1.589840208999999893e+00
1.193785869999999960e+01 1.444403606999999923e+00
1.183953529999999965e+01 1.335326156000000042e+00
1.173613839999999975e+01 1.180799766999999889e+00
1.163697300000000112e+01 1.053542741000000005e+00
1.153224679999999935e+01 9.171959269999999664e-01
1.143243889999999929e+01 7.808491130000000391e-01
1.132802289999999878e+01 6.535920870000000438e-01
1.122735100000000052e+01 5.445146360000000518e-01
1.112125119999999967e+01 3.899882470000000101e-01
1.101918359999999986e+01 2.718210079999999751e-01
1.091261850000000067e+01 1.445639820000000075e-01
1.080966470000000079e+01 1.730695599999999834e-02
1.070159319999999958e+01 -1.099500709999999964e-01
1.059903809999999957e+01 -2.462968849999999932e-01
1.048979230000000129e+01 -3.735539110000000163e-01
1.038597449999999967e+01 -4.917211490000000240e-01
1.027531079999999974e+01 -6.189781760000000466e-01
1.017231269999999910e+01 -7.371454139999999988e-01
1.006169329999999995e+01 -8.644024409999999659e-01
9.957498799999999761e+00 -9.916594669999999612e-01
9.844752599999999632e+00 -1.118916492999999956e+00
9.739561200000000696e+00 -1.218904157000000099e+00
9.625928699999999338e+00 -1.355250969999999944e+00
9.520360699999999454e+00 -1.491597784000000093e+00
9.407038400000001133e+00 -1.600675234999999974e+00
9.300650600000000878e+00 -1.737022048999999901e+00
9.186464299999999028e+00 -1.827919925000000001e+00
9.079057399999999944e+00 -1.973356526999999971e+00
8.964915399999998868e+00 -2.091523764999999813e+00
8.855425999999999576e+00 -2.209691004000000181e+00
8.740154099999999815e+00 -2.346037818000000108e+00
8.629424000000000206e+00 -2.455115269000000211e+00
8.513199399999999528e+00 -2.564192719999999870e+00
8.403266900000000206e+00 -2.691449745999999976e+00
8.286001100000000008e+00 -2.764168047000000072e+00
8.174650599999999656e+00 -2.927784223999999824e+00
8.057318399999999770e+00 -3.027771887000000106e+00
7.945635600000001020e+00 -3.145939126000000030e+00
7.827771600000000163e+00 -3.245926788999999868e+00
7.714161299999999777e+00 -3.373183814999999974e+00
7.596097999999999573e+00 -3.473171478999999895e+00
7.482199699999999787e+00 -3.573159142000000177e+00
7.363205899999999637e+00 -3.709505956000000104e+00
7.248930999999999791e+00 -3.809493620000000025e+00
7.130158699999999961e+00 -3.909481282999999863e+00
7.014465799999999973e+00 -4.036738309000000413e+00
6.895184000000000424e+00 -4.136725972999999890e+00
6.779070199999999602e+00 -4.254893211999999814e+00
6.659455999999999598e+00 -4.345791088000000357e+00
6.542013000000000744e+00 -4.445778750999999751e+00
6.421645600000000620e+00 -4.554856201999999854e+00
6.304224699999999793e+00 -4.673023440999999778e+00
6.184145199999999676e+00 -4.763921317000000322e+00
6.065838199999999958e+00 -4.900268129999999722e+00
5.945182700000000153e+00 -4.991166006000000266e+00
5.826144499999999837e+00 -5.091153669999999742e+00
5.705001700000000397e+00 -5.200231120999999845e+00
5.585454000000000363e+00 -5.291128997000000389e+00
5.463779399999999953e+00 -5.391116659999999783e+00
5.344741199999999637e+00 -5.509283898999999707e+00
5.221892399999999768e+00 -5.591091987000000429e+00
5.101458499999999674e+00 -5.700169437999999644e+00
4.978188800000000747e+00 -5.791067314000000188e+00
4.857489000000000168e+00 -5.900144765000000291e+00
4.733310900000000210e+00 -5.991042640999999946e+00
4.613541599999999576e+00 -6.081940516999999602e+00
4.489562999999999526e+00 -6.191017967999999705e+00
4.369173400000000207e+00 -6.272826056999999622e+00
4.244131300000000273e+00 -6.372813719999999904e+00
4.122766799999999954e+00 -6.472801384000000269e+00
3.997924099999999648e+00 -6.563699258999999842e+00
3.875806400000000096e+00 -6.645507347999999759e+00
3.751384700000000461e+00 -6.736405224000000302e+00
3.629953800000000008e+00 -6.827303099999999958e+00
3.505443400000000320e+00 -6.918200975000000419e+00
3.383657999999999610e+00 -7.027278425999999634e+00
3.257884800000000247e+00 -7.099996726999999730e+00
3.136653300000000311e+00 -7.209074177999999833e+00
3.011123800000000017e+00 -7.299972054000000377e+00
2.889183400000000290e+00 -7.390869930000000032e+00
2.762612600000000196e+00 -7.481767805999999688e+00
2.639409300000000069e+00 -7.554486106999999784e+00
2.513636099999999818e+00 -7.654473770000000066e+00
2.390676599999999929e+00 -7.745371645999999721e+00
2.264748299999999936e+00 -7.809000158999999996e+00
2.141744399999999882e+00 -7.899898034999999652e+00
2.015395199999999942e+00 -7.999885699000000017e+00
1.892258400000000007e+00 -8.081693787000000739e+00
1.766640200000000105e+00 -8.145322300000000126e+00
1.641996899999999870e+00 -8.227130388000000849e+00
1.515625500000000070e+00 -8.318028264000000505e+00
1.391403200000000062e+00 -8.381656776999999892e+00
1.264012600000000042e+00 -8.472554652999999547e+00
1.139059199999999938e+00 -8.554362742000000353e+00
1.013441000000000036e+00 -8.627081042000000366e+00
8.888419999999999099e-01 -8.727068706000000731e+00
7.618724000000000052e-01 -8.799787006000000744e+00
6.376058000000000003e-01 -8.863415520000000214e+00
5.110349999999999060e-01 -8.963403183000000496e+00
3.870119999999999671e-01 -9.036121484000000592e+00
2.593999000000000166e-01 -9.108839785000000688e+00
1.357536000000000020e-01 -9.181558085000000702e+00
9.714500000000000912e-03 -9.245186598000000089e+00
-1.142419999999999825e-01 -9.336084473999999744e+00
-2.407241999999999993e-01 -9.408802774999999841e+00
-3.657884000000000135e-01 -9.472431287999999228e+00
-4.934227000000000474e-01 -9.545149588999999324e+00
-6.169582000000000122e-01 -9.617867889999999420e+00
-7.448582999999999732e-01 -9.690586189999999434e+00
-8.680393999999999055e-01 -9.772394279000000239e+00
-9.950532999999999184e-01 -9.826933004000000693e+00
-1.118322999999999956e+00 -9.917830880000000349e+00
-1.245336900000000080e+00 -9.972369606000000886e+00
-1.368938900000000070e+00 -1.005417768999999950e+01
-1.496019299999999941e+00 -1.013598578000000039e+01
-1.619421899999999859e+00 -1.018143472000000038e+01
-1.747144800000000053e+00 -1.024506322999999952e+01
-1.870237300000000102e+00 -1.032687132000000041e+01
-1.997694200000000198e+00 -1.037232026000000040e+01
-2.120055599999999707e+00 -1.044503856000000042e+01
-2.246537800000000029e+00 -1.051775686000000043e+01
-2.368677599999999828e+00 -1.057229558999999952e+01
-2.495979499999999796e+00 -1.063592410000000044e+01
-2.619072000000000067e+00 -1.070864240000000045e+01
-2.745687100000000047e+00 -1.076318112999999954e+01
-2.867671800000000104e+00 -1.084498920999999960e+01
-2.993821699999999808e+00 -1.089952794000000047e+01
-3.115518400000000021e+00 -1.096315644999999961e+01
-3.241779000000000188e+00 -1.101769518000000048e+01
-3.363630900000000423e+00 -1.109950326999999959e+01
-3.488983100000000448e+00 -1.114495220000000053e+01
-3.610414000000000012e+00 -1.119040114000000052e+01
-3.736585999999999963e+00 -1.127220922999999964e+01
-3.857884000000000313e+00 -1.131765816999999963e+01
-3.983014700000000463e+00 -1.138128668000000054e+01
-4.103625799999999657e+00 -1.145400498000000056e+01
-4.229620600000000508e+00 -1.149945392000000055e+01
-4.349877300000000169e+00 -1.156308242999999969e+01
-4.475517599999999874e+00 -1.162671094999999966e+01
-4.594245599999999818e+00 -1.167215988000000060e+01
-4.718800299999999837e+00 -1.175396796999999971e+01
-4.837062999999999668e+00 -1.177214754999999968e+01
-4.961883600000000172e+00 -1.185395564000000057e+01
-5.079991300000000543e+00 -1.190849436000000061e+01
-5.205941699999999450e+00 -1.197212288000000058e+01
-5.323827800000000110e+00 -1.200848202999999970e+01
-5.448227399999999498e+00 -1.207211054000000061e+01
-5.565936300000000614e+00 -1.212664926000000065e+01
-5.690801200000000115e+00 -1.217209820000000065e+01
-5.807668200000000169e+00 -1.224481650000000066e+01
-5.932953999999999617e+00 -1.228117564999999978e+01
-6.048403099999999810e+00 -1.233571438000000065e+01
-6.172647600000000345e+00 -1.239025310000000069e+01
-6.286966800000000077e+00 -1.243570204000000068e+01
-6.410214400000000090e+00 -1.247206118999999980e+01
-6.524489299999999936e+00 -1.253568970999999976e+01
-6.647338099999999805e+00 -1.258113864000000071e+01
-6.761923200000000023e+00 -1.263567736999999980e+01
-6.883619900000000236e+00 -1.269021608999999984e+01
-6.998515099999999656e+00 -1.273566502999999983e+01
-7.119502900000000523e+00 -1.279929354999999980e+01
-7.233224000000000764e+00 -1.283565270000000069e+01
-7.353569300000000197e+00 -1.288110162999999986e+01
-7.467223800000000189e+00 -1.294473014999999982e+01
-7.587436199999999964e+00 -1.299926886999999986e+01
-7.700891399999999720e+00 -1.303562802000000076e+01
-7.819907399999999065e+00 -1.308107696000000075e+01
-7.932055400000000311e+00 -1.310834632000000077e+01
-8.050362500000000310e+00 -1.317197484000000074e+01
-8.162001000000000062e+00 -1.323560334999999988e+01
-8.280285900000000865e+00 -1.327196250000000077e+01
-8.391658500000000132e+00 -1.329923186000000079e+01
-8.508791399999999783e+00 -1.334468080000000079e+01
-8.619521500000001168e+00 -1.340830930999999993e+01
-8.735280799999999957e+00 -1.345375824999999992e+01
-8.845567799999999536e+00 -1.349920718999999991e+01
-8.960241500000000414e+00 -1.352647654999999993e+01
-9.069819599999998871e+00 -1.357192548999999993e+01
-9.183917199999999781e+00 -1.361737442999999992e+01
-9.293650400000000644e+00 -1.368100294000000083e+01
-9.406019999999999825e+00 -1.370827230000000085e+01
-9.515066400000000257e+00 -1.373554166999999993e+01
-9.627347399999999666e+00 -1.377190082000000082e+01
-9.735529699999998954e+00 -1.384461912000000083e+01
-9.847079600000000710e+00 -1.388097826999999995e+01
-9.954641600000000423e+00 -1.392642720999999995e+01
-1.006515019999999971e+01 -1.394460678000000087e+01
-1.017105060000000094e+01 -1.400823530000000083e+01
-1.028067300000000017e+01 -1.406277402000000087e+01
-1.038699430000000135e+01 -1.407186380999999997e+01
-1.049626220000000032e+01 -1.412640253000000001e+01
-1.060083339999999907e+01 -1.416276167999999913e+01
-1.071036709999999914e+01 -1.419003104999999998e+01
-1.081702079999999988e+01 -1.425365955999999912e+01
-1.092221229999999998e+01 -1.428092891999999914e+01
-1.102760310000000032e+01 -1.433546765000000001e+01
-1.113157600000000080e+01 -1.436273701000000003e+01
-1.123690039999999968e+01 -1.440818595000000002e+01
-1.133969920000000009e+01 -1.442636551999999917e+01
-1.144528940000000006e+01 -1.448090425000000003e+01
-1.154671450000000021e+01 -1.450817361000000005e+01
-1.165037730000000060e+01 -1.454453275999999917e+01
-1.175067260000000147e+01 -1.459907149000000004e+01
-1.185293959999999913e+01 -1.463543063999999916e+01
-1.195270310000000080e+01 -1.466269999999999918e+01
-1.205466000000000015e+01 -1.470814893999999917e+01
-1.215382540000000056e+01 -1.474450809000000007e+01
-1.225482960000000077e+01 -1.479904681999999916e+01
-1.235330809999999957e+01 -1.481722639000000008e+01
-1.245302739999999986e+01 -1.486267533000000007e+01
-1.254982219999999948e+01 -1.489903447999999919e+01
-1.264838929999999806e+01 -1.492630383999999921e+01
-1.274381050000000037e+01 -1.495357319999999923e+01
-1.284164660000000069e+01 -1.500811193000000010e+01
-1.293633670000000002e+01 -1.504447107999999922e+01
-1.303286569999999855e+01 -1.507174043999999924e+01
-1.312720129999999941e+01 -1.510809959000000013e+01
-1.322419549999999866e+01 -1.511718937999999923e+01
-1.331751200000000068e+01 -1.518081789000000015e+01
-1.341322120000000062e+01 -1.520808725999999922e+01
-1.350452160000000035e+01 -1.523535661999999924e+01
-1.359887939999999951e+01 -1.526262597999999926e+01
-1.369020200000000109e+01 -1.529898513000000015e+01
-1.378354069999999965e+01 -1.534443407000000015e+01
-1.387218249999999919e+01 -1.536261365000000012e+01
-1.396319490000000130e+01 -1.541715237000000016e+01
-1.405177029999999938e+01 -1.543533195000000013e+01
-1.414218459999999844e+01 -1.548078087999999930e+01
-1.422900970000000065e+01 -1.551714003999999925e+01
-1.431774020000000114e+01 -1.554440939999999927e+01
-1.440589459999999988e+01 -1.558076855000000016e+01
-1.449320719999999874e+01 -1.559894811999999931e+01
-1.457936770000000060e+01 -1.562621749000000015e+01
-1.466561689999999984e+01 -1.566257663999999927e+01
-1.475007150000000067e+01 -1.569893579000000017e+01
-1.483483630000000097e+01 -1.573529493999999929e+01
-1.491875920000000022e+01 -1.577165409000000018e+01
-1.500234969999999990e+01 -1.579892345000000020e+01
-1.508518699999999946e+01 -1.584437239000000019e+01
-1.516824589999999873e+01 -1.584437239000000019e+01
-1.524982039999999905e+01 -1.588982133000000019e+01
-1.533035359999999869e+01 -1.592618047999999931e+01
-1.541135210000000022e+01 -1.595344983999999933e+01
-1.549139790000000083e+01 -1.598071919999999935e+01
-1.557137720000000058e+01 -1.601707834999999847e+01
-1.565080269999999985e+01 -1.605343750000000114e+01
-1.572847800000000085e+01 -1.608979665000000026e+01
-1.580577659999999796e+01 -1.611706601999999933e+01
-1.588323030000000102e+01 -1.613524559000000025e+01
-1.595857930000000025e+01 -1.615342516999999845e+01
-1.603530190000000033e+01 -1.618978432000000112e+01
-1.610878990000000144e+01 -1.621705367999999936e+01
-1.618424969999999874e+01 -1.624432304000000116e+01
-1.625654129999999853e+01 -1.629886176999999847e+01
-1.633058319999999952e+01 -1.631704133999999939e+01
-1.640147909999999953e+01 -1.631704133999999939e+01
-1.647432460000000276e+01 -1.637158007000000026e+01
-1.654393560000000107e+01 -1.638975964000000118e+01
-1.661571769999999759e+01 -1.641702901000000026e+01
-1.668408790000000153e+01 -1.647156773000000030e+01
-1.675553770000000142e+01 -1.647156773000000030e+01
-1.682249009999999956e+01 -1.651701667000000029e+01
-1.689128129999999928e+01 -1.653519624999999849e+01
-1.695692649999999801e+01 -1.657155540000000116e+01
-1.702460990000000152e+01 -1.659882475999999940e+01
-1.708905880000000010e+01 -1.663518390999999852e+01
-1.715536870000000036e+01 -1.666245327000000032e+01
-1.721913079999999852e+01 -1.667154306000000119e+01
-1.728417780000000192e+01 -1.669881241999999943e+01
-1.734601239999999933e+01 -1.671699200000000118e+01
-1.740882179999999835e+01 -1.673517156999999855e+01
-1.746868470000000073e+01 -1.678062050999999855e+01
-1.753096239999999995e+01 -1.679880009000000030e+01
-1.758996120000000118e+01 -1.682606944999999854e+01
-1.765037789999999873e+01 -1.684424901999999946e+01
-1.770749349999999822e+01 -1.689878775000000033e+01
-1.776746710000000107e+01 -1.689878775000000033e+01
-1.782340860000000049e+01 -1.693514689999999945e+01
-1.788200859999999892e+01 -1.697150604999999857e+01
-1.793768419999999963e+01 -1.698059583999999944e+01
-1.799358129999999889e+01 -1.700786520000000124e+01
-1.804748460000000065e+01 -1.702604477999999943e+01
-1.810318230000000028e+01 -1.703513455999999948e+01
-1.815531310000000076e+01 -1.705331414000000123e+01
-1.820830800000000238e+01 -1.708967329000000035e+01
-1.825922030000000262e+01 -1.711694264999999859e+01
-1.831150620000000018e+01 -1.712603243999999947e+01
-1.836057969999999884e+01 -1.715330180000000126e+01
-1.841146990000000017e+01 -1.718057115999999951e+01
-1.846045469999999966e+01 -1.720784052999999858e+01
-1.850966109999999887e+01 -1.721693030999999863e+01
-1.855629760000000061e+01 -1.722602009999999950e+01
-1.860264600000000002e+01 -1.728055883000000037e+01
-1.864201570000000174e+01 -1.729873840000000129e+01
-1.869119999999999848e+01 -1.729873840000000129e+01
-1.873172170000000136e+01 -1.732600777000000036e+01
-1.877919999999999945e+01 -1.733509755000000041e+01
-1.881766139999999865e+01 -1.735327712999999861e+01
-1.886445289999999986e+01 -1.738054649000000040e+01
-1.890118620000000149e+01 -1.738963628000000128e+01
-1.894704720000000009e+01 -1.740781584999999865e+01
-1.898253989999999902e+01 -1.743508522000000127e+01
-1.902591959999999816e+01 -1.744417500000000132e+01
-1.905972840000000090e+01 -1.747144437000000039e+01
-1.910144649999999800e+01 -1.746235457999999952e+01
-1.913454639999999785e+01 -1.748962394000000131e+01
-1.917491309999999771e+01 -1.750780351999999951e+01
-1.920515499999999776e+01 -1.751689331000000038e+01
-1.924357210000000151e+01 -1.752598309000000043e+01
-1.927277269999999731e+01 -1.753507288000000131e+01
-1.931070240000000027e+01 -1.757143203000000042e+01
-1.933777620000000042e+01 -1.756234223999999955e+01
-1.937371189999999999e+01 -1.758961160999999862e+01
-1.939934560000000019e+01 -1.759870138999999867e+01
-1.943477180000000004e+01 -1.761688097000000042e+01
-1.945878820000000076e+01 -1.763506054000000134e+01
-1.949230909999999994e+01 -1.762597076000000129e+01
-1.951559440000000123e+01 -1.764415032999999866e+01
-1.954745370000000193e+01 -1.764415032999999866e+01
-1.956890020000000163e+01 -1.765324011999999954e+01
-1.959920860000000076e+01 -1.766232991000000041e+01
-1.961868330000000071e+01 -1.767141969000000046e+01
-1.964925759999999855e+01 -1.768050948000000133e+01
-1.966744729999999919e+01 -1.768050948000000133e+01
-1.969434389999999979e+01 -1.768959926999999865e+01
-1.970954279999999770e+01 -1.770777883999999958e+01
-1.973566389999999870e+01 -1.771686863000000045e+01
-1.975022029999999873e+01 -1.769868905999999953e+01
-1.977439180000000007e+01 -1.770777883999999958e+01
-1.978733090000000061e+01 -1.769868905999999953e+01
-1.980999590000000055e+01 -1.770777883999999958e+01
-1.982207100000000111e+01 -1.771686863000000045e+01
-1.984303010000000000e+01 -1.771686863000000045e+01
-1.985404169999999979e+01 -1.772595842000000133e+01
-1.987400380000000055e+01 -1.773504820999999865e+01
-1.988240120000000033e+01 -1.770777883999999958e+01
-1.990045800000000042e+01 -1.772595842000000133e+01
-1.990710520000000017e+01 -1.772595842000000133e+01
-1.992400990000000149e+01 -1.771686863000000045e+01
-1.992872960000000049e+01 -1.771686863000000045e+01
-1.994463740000000129e+01 -1.771686863000000045e+01
-1.994776200000000088e+01 -1.772595842000000133e+01
-1.996165369999999939e+01 -1.771686863000000045e+01
-1.996307230000000033e+01 -1.769868905999999953e+01
-1.997479290000000063e+01 -1.768959926999999865e+01
-1.997497080000000125e+01 -1.768959926999999865e+01
-1.998565010000000086e+01 -1.767141969000000046e+01
-1.998354609999999809e+01 -1.767141969000000046e+01
-1.999298479999999856e+01 -1.766232991000000041e+01
-1.999023829999999791e+01 -1.764415032999999866e+01
-1.999881289999999723e+01 -1.762597076000000129e+01
-1.999338569999999748e+01 -1.760779117999999954e+01
-1.999972259999999835e+01 -1.758052182000000130e+01
-1.999263380000000012e+01 -1.756234223999999955e+01
-1.999823969999999917e+01 -1.753507288000000131e+01
-1.998922340000000020e+01 -1.750780351999999951e+01
-1.999287969999999959e+01 -1.750780351999999951e+01
-1.998231260000000020e+01 -1.746235457999999952e+01
-1.998428499999999985e+01 -1.742599543000000040e+01
-1.997245510000000124e+01 -1.739872606999999860e+01
-1.997245579999999876e+01 -1.736236691999999948e+01
-1.995923009999999920e+01 -1.731691797999999949e+01
-1.995854410000000101e+01 -1.727146903999999950e+01
-1.994374539999999740e+01 -1.723510989000000038e+01
-1.994172999999999973e+01 -1.718057115999999951e+01
-1.992467159999999993e+01 -1.712603243999999947e+01
-1.992055149999999841e+01 -1.707149370999999860e+01
-1.990178709999999995e+01 -1.702604477999999943e+01
-1.989589469999999949e+01 -1.697150604999999857e+01
-1.987633280000000013e+01 -1.691696732000000125e+01
-1.986871220000000093e+01 -1.687151838999999853e+01
-1.984731150000000000e+01 -1.682606944999999854e+01
-1.983878259999999827e+01 -1.675335115000000030e+01
-1.981512199999999879e+01 -1.668972262999999856e+01
-1.980528599999999884e+01 -1.660791455000000028e+01
-1.977991950000000188e+01 -1.656246561000000028e+01
-1.976735850000000028e+01 -1.648974730999999849e+01
-1.974103939999999824e+01 -1.643520858000000118e+01
-1.972783589999999876e+01 -1.636249027999999939e+01
-1.969934560000000090e+01 -1.629886176999999847e+01
-1.968530020000000036e+01 -1.622614347000000024e+01
-1.965501530000000230e+01 -1.614433538000000112e+01
-1.964010589999999823e+01 -1.608979665000000026e+01
-1.960784929999999804e+01 -1.600798856999999842e+01
-1.959154410000000013e+01 -1.592618047999999931e+01
-1.955636309999999867e+01 -1.585346217999999929e+01
-1.953901660000000007e+01 -1.578983365999999933e+01
-1.950188599999999894e+01 -1.569893579000000017e+01
-1.948358689999999882e+01 -1.559894811999999931e+01
-1.944503830000000022e+01 -1.553531961000000017e+01
-1.942514399999999952e+01 -1.545351151999999928e+01
-1.938466799999999779e+01 -1.536261365000000012e+01
-1.936630249999999975e+01 -1.528989535000000011e+01
-1.933158669999999901e+01 -1.518990767999999925e+01
-1.930542259999999999e+01 -1.508083023000000011e+01
-1.926656390000000130e+01 -1.500811193000000010e+01
-1.923838380000000114e+01 -1.491721405000000011e+01
-1.919781910000000025e+01 -1.481722639000000008e+01
-1.916753429999999980e+01 -1.471723873000000005e+01
-1.912506439999999941e+01 -1.463543063999999916e+01
-1.909402629999999945e+01 -1.452635319000000003e+01
-1.905122400000000127e+01 -1.442636551999999917e+01
-1.901834709999999973e+01 -1.433546765000000001e+01
-1.897355089999999933e+01 -1.422639020000000087e+01
-1.893845849999999942e+01 -1.412640253000000001e+01
-1.889284260000000160e+01 -1.403550466000000085e+01
-1.885839260000000195e+01 -1.389915784000000087e+01
-1.881151389999999779e+01 -1.380825996999999994e+01
-1.877334199999999953e+01 -1.369918252000000081e+01
-1.872407049999999984e+01 -1.360828464000000082e+01
-1.868463579999999880e+01 -1.347193782999999989e+01
-1.863405720000000088e+01 -1.336286038000000076e+01
-1.859300520000000034e+01 -1.325378292999999985e+01
-1.854145180000000082e+01 -1.315379526000000077e+01
-1.849902609999999825e+01 -1.304471780999999986e+01
-1.844614350000000158e+01 -1.290837100000000071e+01
-1.840134730000000118e+01 -1.279929354999999980e+01
-1.834717960000000048e+01 -1.267203652000000069e+01
-1.830189599999999928e+01 -1.257204886000000066e+01
-1.824611110000000025e+01 -1.246297140999999975e+01
-1.819945390000000174e+01 -1.233571438000000065e+01
-1.814156419999999770e+01 -1.221754714000000064e+01
-1.809371070000000259e+01 -1.209029010999999976e+01
-1.803422589999999914e+01 -1.197212288000000058e+01
-1.798468860000000191e+01 -1.185395564000000057e+01
-1.792442840000000004e+01 -1.172669860999999969e+01
-1.787407139999999828e+01 -1.160853136999999968e+01
-1.781290279999999981e+01 -1.148127434999999963e+01
-1.776006440000000097e+01 -1.136310710999999962e+01
-1.769725640000000055e+01 -1.123585008000000052e+01
-1.764333249999999964e+01 -1.110859304999999964e+01
-1.757968259999999816e+01 -1.099951560000000050e+01
-1.752372040000000197e+01 -1.086316878999999958e+01
-1.745778859999999710e+01 -1.071773218999999955e+01
-1.740071870000000231e+01 -1.059956494999999954e+01
-1.733290369999999925e+01 -1.047230792000000044e+01
-1.727523559999999847e+01 -1.034505090000000038e+01
-1.720617999999999981e+01 -1.019052450999999948e+01
-1.714665089999999736e+01 -1.008144706000000035e+01
-1.707639890000000094e+01 -9.954190029999999467e+00
-1.701573989999999981e+01 -9.817843217000000067e+00
-1.694524420000000120e+01 -9.699675978000000143e+00
-1.688228110000000015e+01 -9.545149588999999324e+00
-1.681021239999999750e+01 -9.408802774999999841e+00
-1.674549909999999997e+01 -9.290635535999999917e+00
-1.667289870000000107e+01 -9.145198934999999807e+00
-1.660825190000000262e+01 -9.017941908999999256e+00
-1.653319229999999962e+01 -8.881595094999999773e+00
-1.646739339999999885e+01 -8.745248281000000290e+00
-1.639135900000000134e+01 -8.608901467000000807e+00
-1.632403139999999908e+01 -8.472554652999999547e+00
-1.624646840000000125e+01 -8.318028264000000505e+00
-1.617834320000000048e+01 -8.199861026000000663e+00
-1.609909639999999698e+01 -8.054424424000000471e+00
-1.602966409999999797e+01 -7.954436761000000189e+00
-1.594793599999999856e+01 -7.772641008999999990e+00
-1.587832650000000001e+01 -7.654473770000000066e+00
-1.579560140000000068e+01 -7.527216744000000404e+00
-1.572351049999999795e+01 -7.372690354999999585e+00
-1.563927890000000076e+01 -7.236343541000000101e+00
-1.556641260000000138e+01 -7.099996726999999730e+00
-1.548224739999999855e+01 -6.954560125999999620e+00
-1.540811840000000110e+01 -6.818213312000000137e+00
-1.532244670000000042e+01 -6.681866497999999766e+00
-1.524696609999999986e+01 -6.536429896999999656e+00
-1.516023099999999957e+01 -6.418262657999999732e+00
-1.508324400000000054e+01 -6.272826056999999622e+00
-1.499520169999999908e+01 -6.145569029999999877e+00
-1.491717339999999936e+01 -6.000132428999999767e+00
-1.482769110000000090e+01 -5.863785615000000284e+00
-1.474864370000000058e+01 -5.727438800999999913e+00
-1.465827520000000028e+01 -5.572912411999999982e+00
-1.457776549999999993e+01 -5.445655386000000320e+00
-1.448624500000000026e+01 -5.300218784000000127e+00
-1.440513710000000103e+01 -5.172961757999999577e+00
-1.431279679999999921e+01 -5.036614944000000094e+00
-1.423047050000000091e+01 -4.891178342999999984e+00
-1.413649080000000069e+01 -4.763921317000000322e+00
-1.405190470000000147e+01 -4.618484715000000129e+00
-1.395858959999999804e+01 -4.463958326000000199e+00
-1.387262989999999974e+01 -4.336701299999999648e+00
-1.377776390000000006e+01 -4.200354486000000165e+00
-1.369012049999999903e+01 -4.064007671999999793e+00
-1.359456779999999831e+01 -3.918571071000000128e+00
-1.350634830000000086e+01 -3.773134468999999935e+00
-1.340928899999999935e+01 -3.654967231000000094e+00
-1.331894269999999914e+01 -3.518620417000000167e+00
-1.322126309999999982e+01 -3.382273602999999795e+00
-1.313058440000000004e+01 -3.245926788999999868e+00
-1.303252819999999801e+01 -3.100490188000000202e+00
-1.294091900000000095e+01 -2.964143373999999831e+00
-1.284095750000000002e+01 -2.827796559999999904e+00
-1.274560419999999894e+01 -2.691449745999999976e+00
-1.263870820000000172e+01 -2.564192719999999870e+00
-1.254705479999999795e+01 -2.436935694000000208e+00
-1.244310540000000032e+01 -2.291499092000000015e+00
-1.235098669999999998e+01 -2.173331854000000174e+00
-1.224541999999999931e+01 -2.046074826999999985e+00
-1.215274739999999909e+01 -1.909728013000000058e+00
-1.204618379999999966e+01 -1.773381199999999991e+00
-1.195304590000000111e+01 -1.637034386000000064e+00
-1.184479850000000134e+01 -1.500687571999999914e+00
-1.175039789999999940e+01 -1.364340757999999987e+00
-1.164164090000000051e+01 -1.237083732000000103e+00
-1.154586660000000009e+01 -1.109826705999999996e+00
-1.143564749999999997e+01 -9.643901040000000258e-01
-1.133889839999999971e+01 -8.553126530000000338e-01
-1.122978699999999996e+01 -7.189658389999999955e-01
-1.113230680000000028e+01 -5.917088130000000001e-01
-1.102162240000000004e+01 -4.644517870000000048e-01
-1.092330029999999930e+01 -3.462845480000000253e-01
-1.081117590000000028e+01 -2.099377339999999870e-01
-1.071214479999999902e+01 -6.450113300000000216e-02
-1.059920059999999964e+01 3.548653100000000171e-02
-1.049886249999999954e+01 1.627435570000000109e-01
-1.038576320000000131e+01 2.990903710000000215e-01
-1.028487119999999955e+01 4.172576100000000010e-01
-1.016975579999999901e+01 5.536044230000000121e-01
-1.006846509999999917e+01 6.717716620000000471e-01
-9.952884400000000298e+00 7.990286880000000425e-01
-9.850574500000000455e+00 9.262857150000000095e-01
-9.734683699999999718e+00 1.044452952999999962e+00
-9.631576299999998980e+00 1.162620192000000108e+00
-9.514444800000001479e+00 1.280787431000000032e+00
-9.410163100000000114e+00 1.408044456999999916e+00
-9.293474800000000258e+00 1.544391271000000065e+00
-9.189193099999998893e+00 1.653468721999999946e+00
-9.071264100000000496e+00 1.789815536000000096e+00
-8.965896800000001221e+00 1.898892986999999977e+00
-8.847724100000000647e+00 2.007970438000000080e+00
-8.742157399999999967e+00 2.126137675999999921e+00
-8.622212299999999274e+00 2.244304914999999845e+00
-8.514629599999999243e+00 2.371561940999999951e+00
-8.394219200000000214e+00 2.498818968000000140e+00
-8.287212500000000759e+00 2.616986205999999981e+00
-8.166336899999999233e+00 2.716973869999999902e+00
-8.058754199999999202e+00 2.835141108000000187e+00
-7.936660099999999218e+00 2.944218558999999846e+00
-7.827881000000000533e+00 3.062385798000000214e+00
-7.705122199999999921e+00 3.180553037000000138e+00
-7.596741899999999603e+00 3.280540699999999976e+00
-7.473916699999999302e+00 3.398707938999999900e+00
-7.365425600000000017e+00 3.507785390000000003e+00
-7.241492600000000834e+00 3.625952628999999927e+00
-7.131805200000000511e+00 3.744119867000000212e+00
-7.007850099999999749e+00 3.835017742999999868e+00
-6.897874599999999745e+00 3.962274770000000057e+00
-6.773609399999999781e+00 4.062262432999999895e+00
-6.661861500000000547e+00 4.171339883999999998e+00
-6.537064500000000500e+00 4.262237759999999653e+00
-6.424740700000000970e+00 4.371315210999999756e+00
-6.299722100000000324e+00 4.471302875000000121e+00
-6.186733600000000166e+00 4.580380326000000224e+00
-6.060917500000000402e+00 4.689457777000000327e+00
-5.946533300000000466e+00 4.789445439999999721e+00
-5.820983000000000018e+00 4.907612678999999645e+00
-5.706620899999999885e+00 5.007600341999999927e+00
-5.581203600000000264e+00 5.098498217999999582e+00
-5.465822399999999526e+00 5.216665457000000394e+00
-5.339275200000000332e+00 5.307563333000000050e+00
-5.222586800000000196e+00 5.407550996000000332e+00
-5.095951000000000342e+00 5.525718235000000256e+00
-4.980990700000000437e+00 5.616616110999999911e+00
-4.853291500000000092e+00 5.707513986999999567e+00
-4.736758199999999697e+00 5.807501649999999849e+00
-4.609258299999999586e+00 5.916579100999999952e+00
-4.492880200000000102e+00 6.007476976999999607e+00
-4.365912000000000681e+00 6.107464640999999972e+00
-4.248138100000000250e+00 6.198362516999999627e+00
-4.121435799999999539e+00 6.298350179999999909e+00
-4.003041500000000141e+00 6.389248055999999565e+00
-3.874389599999999767e+00 6.471056144000000288e+00
-3.756549199999999811e+00 6.571043807999999764e+00
-3.627431999999999768e+00 6.652851895999999599e+00
-3.509591699999999648e+00 6.771019135000000411e+00
-3.379876300000000278e+00 6.852827223000000245e+00
-3.261149700000000262e+00 6.934635311000000080e+00
-3.131102100000000110e+00 7.025533186999999735e+00
-3.013416799999999895e+00 7.098251487999999831e+00
-2.882660099999999836e+00 7.216418726999999755e+00
-2.764243699999999748e+00 7.289137026999999769e+00
-2.632977599999999807e+00 7.380034903000000313e+00
-2.514937800000000223e+00 7.461842992000000230e+00
-2.384136800000000278e+00 7.543651080000000064e+00
-2.266318599999999961e+00 7.643638743000000346e+00
-2.134675800000000123e+00 7.716357044000000442e+00
-2.016370199999999890e+00 7.798165132000000277e+00
-1.885502800000000034e+00 7.907242583000000380e+00
-1.767042000000000002e+00 7.989050672000000297e+00
-1.635864500000000055e+00 8.061768971999999422e+00
-1.518112700000000093e+00 8.161756635999999787e+00
-1.385783099999999823e+00 8.234474936999999883e+00
-1.268917500000000143e+00 8.298103449999999270e+00
-1.142769099999999982e+00 8.389001326000000702e+00
-1.021273199999999992e+00 8.488988988999999208e+00
-8.925547999999999815e-01 8.570797078000000013e+00
-7.709037999999999169e-01 8.634425590999999400e+00
-6.424955999999999445e-01 8.716233679000000123e+00
-5.207116000000000522e-01 8.798041767000000846e+00
-3.920154000000000138e-01 8.870760067999999166e+00
-2.697662000000000115e-01 8.943478368999999262e+00
-1.402945999999999915e-01 9.025286456999999984e+00
-1.769089999999999899e-02 9.107094545000000707e+00
1.112046999999999897e-01 9.179812846000000803e+00
2.334538999999999920e-01 9.261620933999999750e+00
3.618620999999999643e-01 9.334339234999999846e+00
4.830257000000000023e-01 9.397967747999999233e+00
6.125416000000000194e-01 9.461596261000000396e+00
7.341482999999999759e-01 9.552494137000000052e+00
8.633319999999999883e-01 9.607032863000000589e+00
9.846506999999998788e-01 9.688840950999999535e+00
1.113568399999999903e+00 9.761559251999999631e+00
1.235795500000000047e+00 9.852457127999999287e+00
1.365776699999999844e+00 9.879726489999999473e+00
1.487959400000000043e+00 9.970624365999999128e+00
1.617010099999999895e+00 1.004334266999999947e+01
1.738173700000000155e+00 1.010697118000000039e+01
1.866736999999999869e+00 1.018877926999999950e+01
1.987701200000000057e+00 1.025240778000000041e+01
2.117062100000000058e+00 1.031603628999999955e+01
2.237428099999999809e+00 1.038875460000000039e+01
2.366921899999999912e+00 1.044329332000000043e+01
2.487221499999999974e+00 1.050692182999999957e+01
2.615873399999999904e+00 1.057964012999999959e+01
2.736372299999999758e+00 1.064326864999999955e+01
2.865157200000000071e+00 1.070689716000000047e+01
2.985611800000000038e+00 1.077052566999999961e+01
3.113798500000000136e+00 1.083415418999999957e+01
3.233699300000000054e+00 1.090687248999999959e+01
3.361398499999999956e+00 1.093414184999999961e+01
3.480789799999999712e+00 1.101594994000000050e+01
3.608688400000000129e+00 1.107048866000000054e+01
3.727902400000000060e+00 1.114320696999999960e+01
3.855092100000000244e+00 1.119774568999999964e+01
3.974239599999999761e+00 1.127046398999999965e+01
4.101185599999999987e+00 1.133409250000000057e+01
4.219159000000000326e+00 1.137045166000000052e+01
4.346503699999999526e+00 1.144316996000000053e+01
4.464100399999999524e+00 1.151588826000000054e+01
4.590957799999999978e+00 1.155224740999999966e+01
4.708111399999999946e+00 1.161587592000000058e+01
4.834813699999999770e+00 1.167041464999999967e+01
4.951967299999999739e+00 1.171586358000000061e+01
5.078292999999999502e+00 1.178858188000000062e+01
5.194804099999999814e+00 1.183403082000000062e+01
5.320797400000000010e+00 1.189765934000000058e+01
5.436798999999999715e+00 1.196128784999999972e+01
5.561307900000000082e+00 1.200673678999999971e+01
5.677375900000000364e+00 1.205218572000000066e+01
5.803036999999999779e+00 1.211581424000000062e+01
5.919016400000000289e+00 1.216126318000000062e+01
6.042616999999999905e+00 1.223398148000000063e+01
6.158197599999999383e+00 1.227943040999999980e+01
6.282064099999999485e+00 1.234305892999999976e+01
6.397688999999999737e+00 1.237941808000000066e+01
6.520469900000000152e+00 1.242486702000000065e+01
6.635297299999999510e+00 1.247940574000000069e+01
6.757236299999999751e+00 1.254303424999999983e+01
6.871842100000000286e+00 1.258848318999999982e+01
6.994290699999999639e+00 1.263393212999999982e+01
7.108652799999999772e+00 1.267938106999999981e+01
7.229306799999999811e+00 1.273391978999999985e+01
7.343203700000000111e+00 1.277027894000000074e+01
7.463148799999999916e+00 1.281572788000000074e+01
7.576735399999999565e+00 1.287935640000000070e+01
7.696414700000000053e+00 1.291571554999999982e+01
7.808561300000000038e+00 1.297025426999999986e+01
7.927996800000000732e+00 1.302479300000000073e+01
8.039190800000000081e+00 1.306115214999999985e+01
8.158714999999999051e+00 1.312478066000000076e+01
8.269643099999999691e+00 1.316113980999999988e+01
8.387505600000000783e+00 1.321567854000000075e+01
8.498411600000000732e+00 1.324294790000000077e+01
8.616030399999999645e+00 1.330657640999999991e+01
8.724632299999999674e+00 1.335202534999999990e+01
8.841586500000000015e+00 1.338838450000000080e+01
8.949279999999999902e+00 1.344292322999999989e+01
9.065148699999999948e+00 1.349746194999999993e+01
9.173617600000000039e+00 1.352473130999999995e+01
9.289153899999998742e+00 1.356109046000000085e+01
9.397201900000000663e+00 1.360653940000000084e+01
9.511829800000001001e+00 1.366107812999999993e+01
9.619035999999999476e+00 1.368834748999999995e+01
9.733420199999999411e+00 1.374288622000000082e+01
9.839297000000000182e+00 1.377924536999999994e+01
9.952064000000000021e+00 1.382469430000000088e+01
1.005783010000000033e+01 1.387923302999999997e+01
1.016858090000000026e+01 1.389741260999999994e+01
1.027410330000000016e+01 1.395195132999999998e+01
1.038476559999999971e+01 1.398831048000000088e+01
1.049230399999999896e+01 1.404284920999999997e+01
1.059957660000000068e+01 1.407011856999999999e+01
1.070594079999999870e+01 1.412465729000000003e+01
1.081507439999999853e+01 1.414283687000000000e+01
1.091902379999999972e+01 1.418828581000000000e+01
1.102682800000000007e+01 1.423373474999999999e+01
1.112962540000000011e+01 1.427009390000000089e+01
1.123552440000000097e+01 1.431554283000000005e+01
1.133832169999999984e+01 1.435190197999999917e+01
1.144218240000000009e+01 1.437917135000000002e+01
1.154404919999999990e+01 1.443371007000000006e+01
1.164755549999999928e+01 1.445188965000000003e+01
1.174835889999999949e+01 1.450642837000000007e+01
1.185040300000000002e+01 1.454278751999999919e+01
1.195109560000000037e+01 1.458823645999999918e+01
1.205307320000000004e+01 1.462459561000000008e+01
1.215254730000000016e+01 1.465186497999999915e+01
1.225348359999999914e+01 1.469731391000000009e+01
1.235151770000000049e+01 1.471549349000000007e+01
1.245163430000000027e+01 1.477003221000000011e+01
1.254856060000000006e+01 1.479730157999999918e+01
1.264703770000000027e+01 1.485184029999999922e+01
1.274385329999999961e+01 1.487001987999999919e+01
1.284139990000000076e+01 1.492455859999999923e+01
1.293655380000000044e+01 1.494273817999999920e+01
1.303410050000000098e+01 1.498818711999999920e+01
1.312808019999999942e+01 1.501545647999999922e+01
1.322394309999999962e+01 1.504272583999999924e+01
1.331555230000000023e+01 1.508817477999999923e+01
1.341148160000000011e+01 1.511544413999999925e+01
1.350229320000000044e+01 1.515180329000000015e+01
1.359709269999999925e+01 1.518816243999999926e+01
1.368624270000000109e+01 1.521543181000000011e+01
1.378051040000000071e+01 1.526997053000000015e+01
1.386906220000000189e+01 1.530632967999999927e+01
1.396177919999999872e+01 1.531541947000000015e+01
1.404897949999999973e+01 1.536086841000000014e+01
1.414098749999999960e+01 1.540631735000000013e+01
1.422710230000000031e+01 1.542449691999999928e+01
1.431778099999999831e+01 1.546994585999999927e+01
1.440252219999999994e+01 1.549721521999999929e+01
1.449218170000000150e+01 1.552448457999999931e+01
1.457610320000000215e+01 1.556084373000000021e+01
1.466392390000000034e+01 1.557902331000000018e+01
1.474640530000000105e+01 1.562447225000000017e+01
1.483393799999999985e+01 1.568810075999999931e+01
1.491579909999999920e+01 1.571537011999999933e+01
1.500102769999999985e+01 1.572445991000000021e+01
1.508180319999999952e+01 1.576081905999999933e+01
1.516694319999999863e+01 1.581535779000000019e+01
1.524687680000000078e+01 1.580626799999999932e+01
1.533086479999999874e+01 1.585171693999999931e+01
1.540869370000000060e+01 1.587898629999999933e+01
1.549188410000000005e+01 1.592443523999999933e+01
1.556825079999999950e+01 1.594261481000000025e+01
1.565155189999999941e+01 1.596988417999999932e+01
1.572459540000000011e+01 1.599715353999999934e+01
1.580599119999999935e+01 1.602442290000000114e+01
1.587905689999999836e+01 1.606078205000000025e+01
1.595899050000000052e+01 1.610623099000000025e+01
1.603070470000000114e+01 1.611532078000000112e+01
1.610868870000000186e+01 1.616076971000000029e+01
1.617962749999999872e+01 1.616985950000000116e+01
1.625650380000000084e+01 1.621530844000000116e+01
1.632547080000000150e+01 1.624257779999999940e+01
1.640163809999999955e+01 1.627893694999999852e+01
1.647013989999999950e+01 1.630620632000000114e+01
1.654553179999999912e+01 1.633347567999999939e+01
1.661181810000000070e+01 1.636983482999999850e+01
1.668495019999999940e+01 1.639710419000000030e+01
1.675088200000000072e+01 1.642437355999999937e+01
1.682361530000000016e+01 1.645164292000000117e+01
1.688761970000000190e+01 1.646982248999999854e+01
1.695948900000000137e+01 1.648800207000000029e+01
1.702074620000000138e+01 1.652436121999999941e+01
1.709152989999999761e+01 1.655163058000000120e+01
1.715119190000000060e+01 1.656981015999999940e+01
1.722108940000000032e+01 1.659707952000000120e+01
1.727984310000000079e+01 1.663343867000000031e+01
1.734845560000000120e+01 1.666979781999999943e+01
1.740532619999999753e+01 1.669706718000000123e+01
1.747209989999999991e+01 1.670615696999999855e+01
1.752812850000000111e+01 1.673342633000000035e+01
1.759397170000000088e+01 1.674251612000000122e+01
1.764827230000000213e+01 1.679705484999999854e+01
1.771234309999999823e+01 1.680614462999999859e+01
1.776560239999999880e+01 1.683341400000000121e+01
1.782730270000000061e+01 1.686977315000000033e+01
1.787903329999999968e+01 1.687886293000000038e+01
1.794055629999999724e+01 1.690613229999999945e+01
1.799044810000000183e+01 1.691522207999999949e+01
1.805015450000000143e+01 1.696067101999999949e+01
1.809867269999999806e+01 1.696976081000000036e+01
1.815727129999999789e+01 1.700611995999999948e+01
1.820375120000000280e+01 1.702429954000000123e+01
1.826086540000000014e+01 1.703338932000000128e+01
1.830663640000000214e+01 1.706065869000000035e+01
1.836295310000000214e+01 1.708792804999999859e+01
1.840737269999999981e+01 1.708792804999999859e+01
1.846120800000000273e+01 1.713337698999999859e+01
1.850019960000000196e+01 1.715155655999999951e+01
1.855534210000000073e+01 1.716064635000000038e+01
1.859342540000000099e+01 1.717882592999999858e+01
1.864610869999999920e+01 1.719700549999999950e+01
1.868332789999999832e+01 1.723336464999999862e+01
1.873508070000000103e+01 1.726063401000000042e+01
1.877085990000000137e+01 1.727881358999999861e+01
1.882130559999999875e+01 1.727881358999999861e+01
1.885586629999999886e+01 1.730608295000000041e+01
1.890447310000000058e+01 1.731517274000000128e+01
1.893766019999999983e+01 1.734244209999999953e+01
1.898471620000000115e+01 1.734244209999999953e+01
1.901648540000000054e+01 1.736971146000000132e+01
1.906236709999999945e+01 1.736971146000000132e+01
1.909342739999999949e+01 1.740607061000000044e+01
1.913682779999999894e+01 1.741516040000000132e+01
1.916627079999999950e+01 1.745151955000000044e+01
1.920918379999999814e+01 1.744242977000000039e+01
1.923647779999999941e+01 1.746060934000000131e+01
1.927837170000000100e+01 1.746969912999999863e+01
1.930367169999999888e+01 1.748787869999999955e+01
1.934317289999999900e+01 1.749696849000000043e+01
1.936745379999999983e+01 1.750605828000000130e+01
1.940668909999999769e+01 1.752423784999999867e+01
1.942917549999999949e+01 1.753332763999999955e+01
1.946615110000000115e+01 1.756059700000000134e+01
1.948628899999999931e+01 1.756968678999999867e+01
1.952197960000000165e+01 1.756059700000000134e+01
1.954058889999999948e+01 1.757877657999999954e+01
1.957470650000000134e+01 1.760604594000000134e+01
1.959169849999999968e+01 1.760604594000000134e+01
1.962477480000000085e+01 1.759695615000000046e+01
1.964021599999999879e+01 1.760604594000000134e+01
1.967083309999999940e+01 1.760604594000000134e+01
1.968640720000000144e+01 1.764240509000000046e+01
1.971604950000000045e+01 1.762422551999999953e+01
1.972858839999999958e+01 1.763331529999999958e+01
1.975636980000000165e+01 1.762422551999999953e+01
1.976769009999999938e+01 1.764240509000000046e+01
1.979445240000000084e+01 1.766058466999999865e+01
1.980351290000000120e+01 1.764240509000000046e+01
1.982821479999999781e+01 1.765149488000000133e+01
1.983638920000000283e+01 1.766058466999999865e+01
1.985945149999999870e+01 1.765149488000000133e+01
1.986685049999999819e+01 1.766058466999999865e+01
1.988822910000000022e+01 1.765149488000000133e+01
1.989303599999999861e+01 1.765149488000000133e+01
1.991255359999999897e+01 1.765149488000000133e+01
1.991569890000000242e+01 1.765149488000000133e+01
1.993399799999999900e+01 1.766058466999999865e+01
1.993674449999999965e+01 1.765149488000000133e+01
1.995340419999999781e+01 1.766058466999999865e+01
1.995395729999999901e+01 1.763331529999999958e+01
1.996853439999999935e+01 1.764240509000000046e+01
1.996855590000000191e+01 1.763331529999999958e+01
1.998151569999999921e+01 1.759695615000000046e+01
1.997867919999999842e+01 1.762422551999999953e+01
1.999002169999999978e+01 1.759695615000000046e+01
1.998607739999999922e+01 1.758786637000000042e+01
1.999651159999999805e+01 1.757877657999999954e+01
1.999017470000000074e+01 1.756968678999999867e+01
1.999972259999999835e+01 1.754241743000000042e+01
1.999156900000000192e+01 1.753332763999999955e+01
1.999914519999999740e+01 1.751514806999999863e+01
1.998959580000000003e+01 1.749696849000000043e+01
