1.999227580000000160e+01
1.998824289999999948e+01
1.998465320000000034e+01
1.998013290000000097e+01
1.997523599999999888e+01
1.996878820000000232e+01
1.996276140000000154e+01
1.995569339999999769e+01
1.994796060000000182e+01
1.993785739999999862e+01
1.992777629999999789e+01
1.991614429999999913e+01
1.990511049999999926e+01
1.989288039999999924e+01
1.987965330000000108e+01
1.986458740000000134e+01
1.984929990000000188e+01
1.983363579999999970e+01
1.981770579999999882e+01
1.980000339999999781e+01
1.978230109999999797e+01
1.976349099999999837e+01
1.974406059999999741e+01
1.972400980000000104e+01
1.970340519999999884e+01
1.968049650000000028e+01
1.965796440000000089e+01
1.963390360000000001e+01
1.960979860000000130e+01
1.958369960000000276e+01
1.955861969999999772e+01
1.953063750000000098e+01
1.950456070000000253e+01
1.947531569999999945e+01
1.944720059999999862e+01
1.941638260000000216e+01
1.938809029999999822e+01
1.935397130000000132e+01
1.931923189999999835e+01
1.928943310000000011e+01
1.925442789999999960e+01
1.922166029999999992e+01
1.918532580000000110e+01
1.914996610000000032e+01
1.911292270000000215e+01
1.907601220000000097e+01
1.903728500000000068e+01
1.900024150000000134e+01
1.896018499999999918e+01
1.892119190000000017e+01
1.887907510000000144e+01
1.883899639999999920e+01
1.879495209999999972e+01
1.875321179999999899e+01
1.870772739999999956e+01
1.866430340000000143e+01
1.861824299999999965e+01
1.857320169999999848e+01
1.852494790000000080e+01
1.847919759999999911e+01
1.842928230000000056e+01
1.838235779999999764e+01
1.833089159999999751e+01
1.828283729999999707e+01
1.822959870000000038e+01
1.817997139999999945e+01
1.812529269999999926e+01
1.807435830000000010e+01
1.801848329999999976e+01
1.796590939999999748e+01
1.790801830000000194e+01
1.785413720000000026e+01
1.779485040000000140e+01
1.774026040000000037e+01
1.767988799999999827e+01
1.762228499999999798e+01
1.756095990000000029e+01
1.750240420000000086e+01
1.743906309999999849e+01
1.737904510000000258e+01
1.731557109999999966e+01
1.725437900000000013e+01
1.718875590000000031e+01
1.712654459999999901e+01
1.705959230000000204e+01
1.699518769999999890e+01
1.692672890000000052e+01
1.686139379999999832e+01
1.679251400000000061e+01
1.672613759999999772e+01
1.665619440000000040e+01
1.658738100000000060e+01
1.651586479999999924e+01
1.644541200000000103e+01
1.637351909999999933e+01
1.630124960000000200e+01
1.622798320000000061e+01
1.615518199999999993e+01
1.608012099999999833e+01
1.600541439999999938e+01
1.592878050000000023e+01
1.585325420000000030e+01
1.577582270000000086e+01
1.569905580000000000e+01
1.562138050000000078e+01
1.554246460000000063e+01
1.546425759999999983e+01
1.538301539999999967e+01
1.530274809999999874e+01
1.522101849999999956e+01
1.514139360000000067e+01
1.505789170000000077e+01
1.497689319999999924e+01
1.489157459999999844e+01
1.480918039999999891e+01
1.472337429999999969e+01
1.463942930000000153e+01
1.455189510000000119e+01
1.446715249999999919e+01
1.437873219999999996e+01
1.429241659999999925e+01
1.420328729999999950e+01
1.411610769999999881e+01
1.402604790000000001e+01
1.393727319999999992e+01
1.384579549999999948e+01
1.375620100000000079e+01
1.366379279999999952e+01
1.357167270000000059e+01
1.347882139999999929e+01
1.338696709999999968e+01
1.329249860000000005e+01
1.320006830000000164e+01
1.310520089999999982e+01
1.301199520000000120e+01
1.291670689999999944e+01
1.282161800000000085e+01
1.272621900000000039e+01
1.263203840000000078e+01
1.253413590000000077e+01
1.243709739999999897e+01
1.233771050000000002e+01
1.224078270000000046e+01
1.213933540000000022e+01
1.204105629999999927e+01
1.193785869999999960e+01
1.183953529999999965e+01
1.173613839999999975e+01
1.163697300000000112e+01
1.153224679999999935e+01
1.143243889999999929e+01
1.132802289999999878e+01
1.122735100000000052e+01
1.112125119999999967e+01
1.101918359999999986e+01
1.091261850000000067e+01
1.080966470000000079e+01
1.070159319999999958e+01
1.059903809999999957e+01
1.048979230000000129e+01
1.038597449999999967e+01
1.027531079999999974e+01
1.017231269999999910e+01
1.006169329999999995e+01
9.957498799999999761e+00
9.844752599999999632e+00
9.739561200000000696e+00
9.625928699999999338e+00
9.520360699999999454e+00
9.407038400000001133e+00
9.300650600000000878e+00
9.186464299999999028e+00
9.079057399999999944e+00
8.964915399999998868e+00
8.855425999999999576e+00
8.740154099999999815e+00
8.629424000000000206e+00
8.513199399999999528e+00
8.403266900000000206e+00
8.286001100000000008e+00
8.174650599999999656e+00
8.057318399999999770e+00
7.945635600000001020e+00
7.827771600000000163e+00
7.714161299999999777e+00
7.596097999999999573e+00
7.482199699999999787e+00
7.363205899999999637e+00
7.248930999999999791e+00
7.130158699999999961e+00
7.014465799999999973e+00
6.895184000000000424e+00
6.779070199999999602e+00
6.659455999999999598e+00
6.542013000000000744e+00
6.421645600000000620e+00
6.304224699999999793e+00
6.184145199999999676e+00
6.065838199999999958e+00
5.945182700000000153e+00
5.826144499999999837e+00
5.705001700000000397e+00
5.585454000000000363e+00
5.463779399999999953e+00
5.344741199999999637e+00
5.221892399999999768e+00
5.101458499999999674e+00
4.978188800000000747e+00
4.857489000000000168e+00
4.733310900000000210e+00
4.613541599999999576e+00
4.489562999999999526e+00
4.369173400000000207e+00
4.244131300000000273e+00
4.122766799999999954e+00
3.997924099999999648e+00
3.875806400000000096e+00
3.751384700000000461e+00
3.629953800000000008e+00
3.505443400000000320e+00
3.383657999999999610e+00
3.257884800000000247e+00
3.136653300000000311e+00
3.011123800000000017e+00
2.889183400000000290e+00
2.762612600000000196e+00
2.639409300000000069e+00
2.513636099999999818e+00
2.390676599999999929e+00
2.264748299999999936e+00
2.141744399999999882e+00
2.015395199999999942e+00
1.892258400000000007e+00
1.766640200000000105e+00
1.641996899999999870e+00
1.515625500000000070e+00
1.391403200000000062e+00
1.264012600000000042e+00
1.139059199999999938e+00
1.013441000000000036e+00
8.888419999999999099e-01
7.618724000000000052e-01
6.376058000000000003e-01
5.110349999999999060e-01
3.870119999999999671e-01
2.593999000000000166e-01
1.357536000000000020e-01
9.714500000000000912e-03
-1.142419999999999825e-01
-2.407241999999999993e-01
-3.657884000000000135e-01
-4.934227000000000474e-01
-6.169582000000000122e-01
-7.448582999999999732e-01
-8.680393999999999055e-01
-9.950532999999999184e-01
-1.118322999999999956e+00
-1.245336900000000080e+00
-1.368938900000000070e+00
-1.496019299999999941e+00
-1.619421899999999859e+00
-1.747144800000000053e+00
-1.870237300000000102e+00
-1.997694200000000198e+00
-2.120055599999999707e+00
-2.246537800000000029e+00
-2.368677599999999828e+00
-2.495979499999999796e+00
-2.619072000000000067e+00
-2.745687100000000047e+00
-2.867671800000000104e+00
-2.993821699999999808e+00
-3.115518400000000021e+00
-3.241779000000000188e+00
-3.363630900000000423e+00
-3.488983100000000448e+00
-3.610414000000000012e+00
-3.736585999999999963e+00
-3.857884000000000313e+00
-3.983014700000000463e+00
-4.103625799999999657e+00
-4.229620600000000508e+00
-4.349877300000000169e+00
-4.475517599999999874e+00
-4.594245599999999818e+00
-4.718800299999999837e+00
-4.837062999999999668e+00
-4.961883600000000172e+00
-5.079991300000000543e+00
-5.205941699999999450e+00
-5.323827800000000110e+00
-5.448227399999999498e+00
-5.565936300000000614e+00
-5.690801200000000115e+00
-5.807668200000000169e+00
-5.932953999999999617e+00
-6.048403099999999810e+00
-6.172647600000000345e+00
-6.286966800000000077e+00
-6.410214400000000090e+00
-6.524489299999999936e+00
-6.647338099999999805e+00
-6.761923200000000023e+00
-6.883619900000000236e+00
-6.998515099999999656e+00
-7.119502900000000523e+00
-7.233224000000000764e+00
-7.353569300000000197e+00
-7.467223800000000189e+00
-7.587436199999999964e+00
-7.700891399999999720e+00
-7.819907399999999065e+00
-7.932055400000000311e+00
-8.050362500000000310e+00
-8.162001000000000062e+00
-8.280285900000000865e+00
-8.391658500000000132e+00
-8.508791399999999783e+00
-8.619521500000001168e+00
-8.735280799999999957e+00
-8.845567799999999536e+00
-8.960241500000000414e+00
-9.069819599999998871e+00
-9.183917199999999781e+00
-9.293650400000000644e+00
-9.406019999999999825e+00
-9.515066400000000257e+00
-9.627347399999999666e+00
-9.735529699999998954e+00
-9.847079600000000710e+00
-9.954641600000000423e+00
-1.006515019999999971e+01
-1.017105060000000094e+01
-1.028067300000000017e+01
-1.038699430000000135e+01
-1.049626220000000032e+01
-1.060083339999999907e+01
-1.071036709999999914e+01
-1.081702079999999988e+01
-1.092221229999999998e+01
-1.102760310000000032e+01
-1.113157600000000080e+01
-1.123690039999999968e+01
-1.133969920000000009e+01
-1.144528940000000006e+01
-1.154671450000000021e+01
-1.165037730000000060e+01
-1.175067260000000147e+01
-1.185293959999999913e+01
-1.195270310000000080e+01
-1.205466000000000015e+01
-1.215382540000000056e+01
-1.225482960000000077e+01
-1.235330809999999957e+01
-1.245302739999999986e+01
-1.254982219999999948e+01
-1.264838929999999806e+01
-1.274381050000000037e+01
-1.284164660000000069e+01
-1.293633670000000002e+01
-1.303286569999999855e+01
-1.312720129999999941e+01
-1.322419549999999866e+01
-1.331751200000000068e+01
-1.341322120000000062e+01
-1.350452160000000035e+01
-1.359887939999999951e+01
-1.369020200000000109e+01
-1.378354069999999965e+01
-1.387218249999999919e+01
-1.396319490000000130e+01
-1.405177029999999938e+01
-1.414218459999999844e+01
-1.422900970000000065e+01
-1.431774020000000114e+01
-1.440589459999999988e+01
-1.449320719999999874e+01
-1.457936770000000060e+01
-1.466561689999999984e+01
-1.475007150000000067e+01
-1.483483630000000097e+01
-1.491875920000000022e+01
-1.500234969999999990e+01
-1.508518699999999946e+01
-1.516824589999999873e+01
-1.524982039999999905e+01
-1.533035359999999869e+01
-1.541135210000000022e+01
-1.549139790000000083e+01
-1.557137720000000058e+01
-1.565080269999999985e+01
-1.572847800000000085e+01
-1.580577659999999796e+01
-1.588323030000000102e+01
-1.595857930000000025e+01
-1.603530190000000033e+01
-1.610878990000000144e+01
-1.618424969999999874e+01
-1.625654129999999853e+01
-1.633058319999999952e+01
-1.640147909999999953e+01
-1.647432460000000276e+01
-1.654393560000000107e+01
-1.661571769999999759e+01
-1.668408790000000153e+01
-1.675553770000000142e+01
-1.682249009999999956e+01
-1.689128129999999928e+01
-1.695692649999999801e+01
-1.702460990000000152e+01
-1.708905880000000010e+01
-1.715536870000000036e+01
-1.721913079999999852e+01
-1.728417780000000192e+01
-1.734601239999999933e+01
-1.740882179999999835e+01
-1.746868470000000073e+01
-1.753096239999999995e+01
-1.758996120000000118e+01
-1.765037789999999873e+01
-1.770749349999999822e+01
-1.776746710000000107e+01
-1.782340860000000049e+01
-1.788200859999999892e+01
-1.793768419999999963e+01
-1.799358129999999889e+01
-1.804748460000000065e+01
-1.810318230000000028e+01
-1.815531310000000076e+01
-1.820830800000000238e+01
-1.825922030000000262e+01
-1.831150620000000018e+01
-1.836057969999999884e+01
-1.841146990000000017e+01
-1.846045469999999966e+01
-1.850966109999999887e+01
-1.855629760000000061e+01
-1.860264600000000002e+01
-1.864201570000000174e+01
-1.869119999999999848e+01
-1.873172170000000136e+01
-1.877919999999999945e+01
-1.881766139999999865e+01
-1.886445289999999986e+01
-1.890118620000000149e+01
-1.894704720000000009e+01
-1.898253989999999902e+01
-1.902591959999999816e+01
-1.905972840000000090e+01
-1.910144649999999800e+01
-1.913454639999999785e+01
-1.917491309999999771e+01
-1.920515499999999776e+01
-1.924357210000000151e+01
-1.927277269999999731e+01
-1.931070240000000027e+01
-1.933777620000000042e+01
-1.937371189999999999e+01
-1.939934560000000019e+01
-1.943477180000000004e+01
-1.945878820000000076e+01
-1.949230909999999994e+01
-1.951559440000000123e+01
-1.954745370000000193e+01
-1.956890020000000163e+01
-1.959920860000000076e+01
-1.961868330000000071e+01
-1.964925759999999855e+01
-1.966744729999999919e+01
-1.969434389999999979e+01
-1.970954279999999770e+01
-1.973566389999999870e+01
-1.975022029999999873e+01
-1.977439180000000007e+01
-1.978733090000000061e+01
-1.980999590000000055e+01
-1.982207100000000111e+01
-1.984303010000000000e+01
-1.985404169999999979e+01
-1.987400380000000055e+01
-1.988240120000000033e+01
-1.990045800000000042e+01
-1.990710520000000017e+01
-1.992400990000000149e+01
-1.992872960000000049e+01
-1.994463740000000129e+01
-1.994776200000000088e+01
-1.996165369999999939e+01
-1.996307230000000033e+01
-1.997479290000000063e+01
-1.997497080000000125e+01
-1.998565010000000086e+01
-1.998354609999999809e+01
-1.999298479999999856e+01
-1.999023829999999791e+01
-1.999881289999999723e+01
-1.999338569999999748e+01
-1.999972259999999835e+01
-1.999263380000000012e+01
-1.999823969999999917e+01
-1.998922340000000020e+01
-1.999287969999999959e+01
-1.998231260000000020e+01
-1.998428499999999985e+01
-1.997245510000000124e+01
-1.997245579999999876e+01
-1.995923009999999920e+01
-1.995854410000000101e+01
-1.994374539999999740e+01
-1.994172999999999973e+01
-1.992467159999999993e+01
-1.992055149999999841e+01
-1.990178709999999995e+01
-1.989589469999999949e+01
-1.987633280000000013e+01
-1.986871220000000093e+01
-1.984731150000000000e+01
-1.983878259999999827e+01
-1.981512199999999879e+01
-1.980528599999999884e+01
-1.977991950000000188e+01
-1.976735850000000028e+01
-1.974103939999999824e+01
-1.972783589999999876e+01
-1.969934560000000090e+01
-1.968530020000000036e+01
-1.965501530000000230e+01
-1.964010589999999823e+01
-1.960784929999999804e+01
-1.959154410000000013e+01
-1.955636309999999867e+01
-1.953901660000000007e+01
-1.950188599999999894e+01
-1.948358689999999882e+01
-1.944503830000000022e+01
-1.942514399999999952e+01
-1.938466799999999779e+01
-1.936630249999999975e+01
-1.933158669999999901e+01
-1.930542259999999999e+01
-1.926656390000000130e+01
-1.923838380000000114e+01
-1.919781910000000025e+01
-1.916753429999999980e+01
-1.912506439999999941e+01
-1.909402629999999945e+01
-1.905122400000000127e+01
-1.901834709999999973e+01
-1.897355089999999933e+01
-1.893845849999999942e+01
-1.889284260000000160e+01
-1.885839260000000195e+01
-1.881151389999999779e+01
-1.877334199999999953e+01
-1.872407049999999984e+01
-1.868463579999999880e+01
-1.863405720000000088e+01
-1.859300520000000034e+01
-1.854145180000000082e+01
-1.849902609999999825e+01
-1.844614350000000158e+01
-1.840134730000000118e+01
-1.834717960000000048e+01
-1.830189599999999928e+01
-1.824611110000000025e+01
-1.819945390000000174e+01
-1.814156419999999770e+01
-1.809371070000000259e+01
-1.803422589999999914e+01
-1.798468860000000191e+01
-1.792442840000000004e+01
-1.787407139999999828e+01
-1.781290279999999981e+01
-1.776006440000000097e+01
-1.769725640000000055e+01
-1.764333249999999964e+01
-1.757968259999999816e+01
-1.752372040000000197e+01
-1.745778859999999710e+01
-1.740071870000000231e+01
-1.733290369999999925e+01
-1.727523559999999847e+01
-1.720617999999999981e+01
-1.714665089999999736e+01
-1.707639890000000094e+01
-1.701573989999999981e+01
-1.694524420000000120e+01
-1.688228110000000015e+01
-1.681021239999999750e+01
-1.674549909999999997e+01
-1.667289870000000107e+01
-1.660825190000000262e+01
-1.653319229999999962e+01
-1.646739339999999885e+01
-1.639135900000000134e+01
-1.632403139999999908e+01
-1.624646840000000125e+01
-1.617834320000000048e+01
-1.609909639999999698e+01
-1.602966409999999797e+01
-1.594793599999999856e+01
-1.587832650000000001e+01
-1.579560140000000068e+01
-1.572351049999999795e+01
-1.563927890000000076e+01
-1.556641260000000138e+01
-1.548224739999999855e+01
-1.540811840000000110e+01
-1.532244670000000042e+01
-1.524696609999999986e+01
-1.516023099999999957e+01
-1.508324400000000054e+01
-1.499520169999999908e+01
-1.491717339999999936e+01
-1.482769110000000090e+01
-1.474864370000000058e+01
-1.465827520000000028e+01
-1.457776549999999993e+01
-1.448624500000000026e+01
-1.440513710000000103e+01
-1.431279679999999921e+01
-1.423047050000000091e+01
-1.413649080000000069e+01
-1.405190470000000147e+01
-1.395858959999999804e+01
-1.387262989999999974e+01
-1.377776390000000006e+01
-1.369012049999999903e+01
-1.359456779999999831e+01
-1.350634830000000086e+01
-1.340928899999999935e+01
-1.331894269999999914e+01
-1.322126309999999982e+01
-1.313058440000000004e+01
-1.303252819999999801e+01
-1.294091900000000095e+01
-1.284095750000000002e+01
-1.274560419999999894e+01
-1.263870820000000172e+01
-1.254705479999999795e+01
-1.244310540000000032e+01
-1.235098669999999998e+01
-1.224541999999999931e+01
-1.215274739999999909e+01
-1.204618379999999966e+01
-1.195304590000000111e+01
-1.184479850000000134e+01
-1.175039789999999940e+01
-1.164164090000000051e+01
-1.154586660000000009e+01
-1.143564749999999997e+01
-1.133889839999999971e+01
-1.122978699999999996e+01
-1.113230680000000028e+01
-1.102162240000000004e+01
-1.092330029999999930e+01
-1.081117590000000028e+01
-1.071214479999999902e+01
-1.059920059999999964e+01
-1.049886249999999954e+01
-1.038576320000000131e+01
-1.028487119999999955e+01
-1.016975579999999901e+01
-1.006846509999999917e+01
-9.952884400000000298e+00
-9.850574500000000455e+00
-9.734683699999999718e+00
-9.631576299999998980e+00
-9.514444800000001479e+00
-9.410163100000000114e+00
-9.293474800000000258e+00
-9.189193099999998893e+00
-9.071264100000000496e+00
-8.965896800000001221e+00
-8.847724100000000647e+00
-8.742157399999999967e+00
-8.622212299999999274e+00
-8.514629599999999243e+00
-8.394219200000000214e+00
-8.287212500000000759e+00
-8.166336899999999233e+00
-8.058754199999999202e+00
-7.936660099999999218e+00
-7.827881000000000533e+00
-7.705122199999999921e+00
-7.596741899999999603e+00
-7.473916699999999302e+00
-7.365425600000000017e+00
-7.241492600000000834e+00
-7.131805200000000511e+00
-7.007850099999999749e+00
-6.897874599999999745e+00
-6.773609399999999781e+00
-6.661861500000000547e+00
-6.537064500000000500e+00
-6.424740700000000970e+00
-6.299722100000000324e+00
-6.186733600000000166e+00
-6.060917500000000402e+00
-5.946533300000000466e+00
-5.820983000000000018e+00
-5.706620899999999885e+00
-5.581203600000000264e+00
-5.465822399999999526e+00
-5.339275200000000332e+00
-5.222586800000000196e+00
-5.095951000000000342e+00
-4.980990700000000437e+00
-4.853291500000000092e+00
-4.736758199999999697e+00
-4.609258299999999586e+00
-4.492880200000000102e+00
-4.365912000000000681e+00
-4.248138100000000250e+00
-4.121435799999999539e+00
-4.003041500000000141e+00
-3.874389599999999767e+00
-3.756549199999999811e+00
-3.627431999999999768e+00
-3.509591699999999648e+00
-3.379876300000000278e+00
-3.261149700000000262e+00
-3.131102100000000110e+00
-3.013416799999999895e+00
-2.882660099999999836e+00
-2.764243699999999748e+00
-2.632977599999999807e+00
-2.514937800000000223e+00
-2.384136800000000278e+00
-2.266318599999999961e+00
-2.134675800000000123e+00
-2.016370199999999890e+00
-1.885502800000000034e+00
-1.767042000000000002e+00
-1.635864500000000055e+00
-1.518112700000000093e+00
-1.385783099999999823e+00
-1.268917500000000143e+00
-1.142769099999999982e+00
-1.021273199999999992e+00
-8.925547999999999815e-01
-7.709037999999999169e-01
-6.424955999999999445e-01
-5.207116000000000522e-01
-3.920154000000000138e-01
-2.697662000000000115e-01
-1.402945999999999915e-01
-1.769089999999999899e-02
1.112046999999999897e-01
2.334538999999999920e-01
3.618620999999999643e-01
4.830257000000000023e-01
6.125416000000000194e-01
7.341482999999999759e-01
8.633319999999999883e-01
9.846506999999998788e-01
1.113568399999999903e+00
1.235795500000000047e+00
1.365776699999999844e+00
1.487959400000000043e+00
1.617010099999999895e+00
1.738173700000000155e+00
1.866736999999999869e+00
1.987701200000000057e+00
2.117062100000000058e+00
2.237428099999999809e+00
2.366921899999999912e+00
2.487221499999999974e+00
2.615873399999999904e+00
2.736372299999999758e+00
2.865157200000000071e+00
2.985611800000000038e+00
3.113798500000000136e+00
3.233699300000000054e+00
3.361398499999999956e+00
3.480789799999999712e+00
3.608688400000000129e+00
3.727902400000000060e+00
3.855092100000000244e+00
3.974239599999999761e+00
4.101185599999999987e+00
4.219159000000000326e+00
4.346503699999999526e+00
4.464100399999999524e+00
4.590957799999999978e+00
4.708111399999999946e+00
4.834813699999999770e+00
4.951967299999999739e+00
5.078292999999999502e+00
5.194804099999999814e+00
5.320797400000000010e+00
5.436798999999999715e+00
5.561307900000000082e+00
5.677375900000000364e+00
5.803036999999999779e+00
5.919016400000000289e+00
6.042616999999999905e+00
6.158197599999999383e+00
6.282064099999999485e+00
6.397688999999999737e+00
6.520469900000000152e+00
6.635297299999999510e+00
6.757236299999999751e+00
6.871842100000000286e+00
6.994290699999999639e+00
7.108652799999999772e+00
7.229306799999999811e+00
7.343203700000000111e+00
7.463148799999999916e+00
7.576735399999999565e+00
7.696414700000000053e+00
7.808561300000000038e+00
7.927996800000000732e+00
8.039190800000000081e+00
8.158714999999999051e+00
8.269643099999999691e+00
8.387505600000000783e+00
8.498411600000000732e+00
8.616030399999999645e+00
8.724632299999999674e+00
8.841586500000000015e+00
8.949279999999999902e+00
9.065148699999999948e+00
9.173617600000000039e+00
9.289153899999998742e+00
9.397201900000000663e+00
9.511829800000001001e+00
9.619035999999999476e+00
9.733420199999999411e+00
9.839297000000000182e+00
9.952064000000000021e+00
1.005783010000000033e+01
1.016858090000000026e+01
1.027410330000000016e+01
1.038476559999999971e+01
1.049230399999999896e+01
1.059957660000000068e+01
1.070594079999999870e+01
1.081507439999999853e+01
1.091902379999999972e+01
1.102682800000000007e+01
1.112962540000000011e+01
1.123552440000000097e+01
1.133832169999999984e+01
1.144218240000000009e+01
1.154404919999999990e+01
1.164755549999999928e+01
1.174835889999999949e+01
1.185040300000000002e+01
1.195109560000000037e+01
1.205307320000000004e+01
1.215254730000000016e+01
1.225348359999999914e+01
1.235151770000000049e+01
1.245163430000000027e+01
1.254856060000000006e+01
1.264703770000000027e+01
1.274385329999999961e+01
1.284139990000000076e+01
1.293655380000000044e+01
1.303410050000000098e+01
1.312808019999999942e+01
1.322394309999999962e+01
1.331555230000000023e+01
1.341148160000000011e+01
1.350229320000000044e+01
1.359709269999999925e+01
1.368624270000000109e+01
1.378051040000000071e+01
1.386906220000000189e+01
1.396177919999999872e+01
1.404897949999999973e+01
1.414098749999999960e+01
1.422710230000000031e+01
1.431778099999999831e+01
1.440252219999999994e+01
1.449218170000000150e+01
1.457610320000000215e+01
1.466392390000000034e+01
1.474640530000000105e+01
1.483393799999999985e+01
1.491579909999999920e+01
1.500102769999999985e+01
1.508180319999999952e+01
1.516694319999999863e+01
1.524687680000000078e+01
1.533086479999999874e+01
1.540869370000000060e+01
1.549188410000000005e+01
1.556825079999999950e+01
1.565155189999999941e+01
1.572459540000000011e+01
1.580599119999999935e+01
1.587905689999999836e+01
1.595899050000000052e+01
1.603070470000000114e+01
1.610868870000000186e+01
1.617962749999999872e+01
1.625650380000000084e+01
1.632547080000000150e+01
1.640163809999999955e+01
1.647013989999999950e+01
1.654553179999999912e+01
1.661181810000000070e+01
1.668495019999999940e+01
1.675088200000000072e+01
1.682361530000000016e+01
1.688761970000000190e+01
1.695948900000000137e+01
1.702074620000000138e+01
1.709152989999999761e+01
1.715119190000000060e+01
1.722108940000000032e+01
1.727984310000000079e+01
1.734845560000000120e+01
1.740532619999999753e+01
1.747209989999999991e+01
1.752812850000000111e+01
1.759397170000000088e+01
1.764827230000000213e+01
1.771234309999999823e+01
1.776560239999999880e+01
1.782730270000000061e+01
1.787903329999999968e+01
1.794055629999999724e+01
1.799044810000000183e+01
1.805015450000000143e+01
1.809867269999999806e+01
1.815727129999999789e+01
1.820375120000000280e+01
1.826086540000000014e+01
1.830663640000000214e+01
1.836295310000000214e+01
1.840737269999999981e+01
1.846120800000000273e+01
1.850019960000000196e+01
1.855534210000000073e+01
1.859342540000000099e+01
1.864610869999999920e+01
1.868332789999999832e+01
1.873508070000000103e+01
1.877085990000000137e+01
1.882130559999999875e+01
1.885586629999999886e+01
1.890447310000000058e+01
1.893766019999999983e+01
1.898471620000000115e+01
1.901648540000000054e+01
1.906236709999999945e+01
1.909342739999999949e+01
1.913682779999999894e+01
1.916627079999999950e+01
1.920918379999999814e+01
1.923647779999999941e+01
1.927837170000000100e+01
1.930367169999999888e+01
1.934317289999999900e+01
1.936745379999999983e+01
1.940668909999999769e+01
1.942917549999999949e+01
1.946615110000000115e+01
1.948628899999999931e+01
1.952197960000000165e+01
1.954058889999999948e+01
1.957470650000000134e+01
1.959169849999999968e+01
1.962477480000000085e+01
1.964021599999999879e+01
1.967083309999999940e+01
1.968640720000000144e+01
1.971604950000000045e+01
1.972858839999999958e+01
1.975636980000000165e+01
1.976769009999999938e+01
1.979445240000000084e+01
1.980351290000000120e+01
1.982821479999999781e+01
1.983638920000000283e+01
1.985945149999999870e+01
1.986685049999999819e+01
1.988822910000000022e+01
1.989303599999999861e+01
1.991255359999999897e+01
1.991569890000000242e+01
1.993399799999999900e+01
1.993674449999999965e+01
1.995340419999999781e+01
1.995395729999999901e+01
1.996853439999999935e+01
1.996855590000000191e+01
1.998151569999999921e+01
1.997867919999999842e+01
1.999002169999999978e+01
1.998607739999999922e+01
1.999651159999999805e+01
1.999017470000000074e+01
1.999972259999999835e+01
1.999156900000000192e+01
1.999914519999999740e+01
1.998959580000000003e+01
